3.732301819999999 -0.0014294330633988354
3.742301819999999 -0.0016777351313739376
3.752301819999999 -0.0019064878364888486
3.762301819999999 -0.0021010368072215697
3.772301819999999 -0.0022572325557536316
3.782301819999999 -0.002375337677813932
3.792301819999999 -0.0024609636000141
3.802301819999999 -0.0025175631457495067
3.812301819999999 -0.0025501590997642053
3.822301819999999 -0.00257221903194304
3.832301819999999 -0.002585382632545062
3.842301819999999 -0.0025896317093781216
3.852301819999999 -0.0025911273808488125
3.862301819999999 -0.0025891399982853423
3.8723018199999992 -0.0025842133222436304
3.882301819999999 -0.0025752720074512167
3.8923018199999992 -0.002567480363709648
3.902301819999999 -0.0025561127507790155
3.9123018199999993 -0.0025497853578853027
3.922301819999999 -0.0025458637591010886
3.9323018199999993 -0.002542963495890482
3.942301819999999 -0.002540448479841378
3.9523018199999993 -0.0025351761429896298
3.962301819999999 -0.002531449234232357
3.9723018199999993 -0.002529206038043207
3.982301819999999 -0.002527447933381762
3.992301819999999 -0.002523892831462368
4.00230182 -0.002520319391106278
4.012301819999999 -0.0025180305907120033
4.022301819999999 -0.0025173291813148473
4.032301819999999 -0.002520523956188677
4.042301819999999 -0.002515897534067145
4.052301819999999 -0.002515804560081473
4.062301819999999 -0.002515970558424502
4.072301819999999 -0.0025160210224266077
4.082301819999999 -0.002514784677024801
4.092301819999999 -0.0025130314832457
4.102301819999999 -0.0025144509568611746
4.112301819999999 -0.002516197902232967
4.122301819999999 -0.0025191379448079765
4.1323018199999995 -0.0025213159906833675
4.142301819999999 -0.002521990410495875
4.152301819999999 -0.002525727530079612
4.162301819999999 -0.0025301415438159225
4.1723018199999995 -0.002533393586693871
4.182301819999999 -0.0025360387446060517
4.192301819999999 -0.0025376991073660987
4.202301819999999 -0.0025398586821730345
4.212301819999999 -0.002542202511333529
4.222301819999999 -0.002543708792675245
4.232301819999999 -0.0025473258793396072
4.242301819999999 -0.0025514744176262072
4.25230182 -0.0025526432502326534
4.262301819999999 -0.0025486967412812634
4.272301819999999 -0.0025500976595805797
4.282301819999999 -0.0025503682483392865
4.292301819999999 -0.002542914263848934
4.302301819999999 -0.0025509616444834822
4.312301819999999 -0.002555671439084282
4.322301819999999 -0.002566088562900497
4.332301819999999 -0.0025784338179193813
4.342301819999999 -0.0025905289402678978
4.352301819999999 -0.002599375144034209
4.362301819999999 -0.002610059632571068
4.372301819999999 -0.002625742028508557
4.3823018199999995 -0.0026387953031698635
4.392301819999999 -0.002651162498275625
4.402301819999999 -0.0026632497382443362
4.412301819999999 -0.0026815180695524566
4.4223018199999995 -0.0027022005847282034
4.432301819999999 -0.0027193052407788044
4.442301819999999 -0.0027347668575751064
4.452301819999999 -0.002756684672035454
4.462301819999999 -0.00278036458871142
4.472301819999999 -0.002803282987223006
4.482301819999999 -0.002829080103356903
4.492301819999999 -0.0028550345580196576
4.50230182 -0.002885571127004133
4.512301819999999 -0.0029123882208197485
4.522301819999999 -0.002945816756365998
4.532301819999999 -0.0029724888448717317
4.542301819999999 -0.003002003341183313
4.552301819999999 -0.003032569289759511
4.562301819999999 -0.0030859436199650687
4.572301819999999 -0.0031290010890766802
4.582301819999999 -0.003176561184101045
4.592301819999999 -0.0032328191508799275
4.602301819999999 -0.0032865415424422353
4.612301819999999 -0.0033536531490991313
4.622301819999999 -0.003424383488132406
4.6323018199999995 -0.003508920524501953
4.642301819999999 -0.003598298524343286
4.652301819999999 -0.0037203917624821746
4.662301819999999 -0.003866869651444186
4.6723018199999995 -0.004089959875352612
4.682301819999999 -0.004360981618599695
4.692301819999999 -0.004383722778320309
4.702301819999999 -0.004401669858623469
4.712301819999999 -0.00442682083545909
4.722301819999999 -0.0044373274970626745
4.732301819999999 -0.004442226845366073
4.742301819999999 -0.0044604005208354934
4.75230182 -0.004461331944121251
4.762301819999999 -0.004465713429402912
4.772301819999999 -0.004456376219412503
4.782301819999999 -0.004417389128804705
4.792301819999999 -0.0044353975151753084
4.802301819999999 -0.0044548613495496315
4.812301819999999 -0.004473541302705752
4.822301819999999 -0.004393382878784717
4.83230182 -0.0039943855100707205
4.842301819999999 -0.0037817385471147344
4.852301819999999 -0.00361804658950492
4.862301819999999 -0.0034808299177628947
4.872301819999999 -0.0033481725630461036
4.8823018199999995 -0.00322664463066561
4.892301819999999 -0.0031087170876068185
4.902301819999999 -0.002989884379843555
4.912301819999999 -0.002874945111655969
4.9223018199999995 -0.0027596232875761783
4.932301819999999 -0.0026468184299156166
4.942301819999999 -0.002536069930381627
4.952301819999999 -0.002431597055898797
4.962301819999999 -0.002332274829050485
4.972301819999999 -0.002240281041972467
4.982301819999999 -0.0021552072926807205
4.992301819999999 -0.002082797604372867
5.00230182 -0.0020144900390913867
5.012301819999999 -0.0019538965717300527
5.022301819999999 -0.001905512085199328
5.032301819999999 -0.0018567856185378775
5.042301819999999 -0.0018156508092976849
5.052301819999999 -0.0017796581419255838
5.062301819999999 -0.0017419632007185974
5.072301819999999 -0.0017172183264693248
5.08230182 -0.0016811082122405252
5.092301819999999 -0.0016657402612714719
5.102301819999999 -0.001628864153368385
5.112301819999999 -0.0016104296602318872
5.122301819999999 -0.0016125959975103724
5.1323018199999995 -0.0015744953027806694
5.142301819999999 -0.0015353747199206116
5.152301819999999 -0.0003885886125653967
5.162301819999999 -0.0004409884704076215
5.1723018199999995 -0.0004402530808963591
5.182301819999999 -0.0004393726842314103
5.192301819999999 -0.000437454780706494
5.202301819999999 -0.0004360813565765932
5.212301819999999 -0.0004348788600563187
5.222301819999999 -0.000433863290376938
5.232301819999999 -0.00043328611976147115
5.242301819999999 -0.0004326256584051557
5.25230182 -0.00043184003570198955
5.262301819999999 -0.0004307199198447835
5.272301819999999 -0.00042927083638020965
5.282301819999999 -0.0004272629885348566
5.292301819999999 -0.0004257899704037149
5.302301819999999 -0.0004244825334487209
5.312301819999999 -0.0004231496806536133
5.322301819999999 -0.000422190699924572
5.33230182 -0.00042155187856209335
5.342301819999999 -0.00042083339020231497
5.352301819999999 -0.0004200195773910569
5.362301819999999 -0.00041909897846221784
5.372301819999999 -0.000418020240209668
5.3823018199999995 -0.00041660596944085996
5.392301819999999 -0.0004147487209072184
5.402301819999999 -0.0004114608504189375
5.412301819999999 -0.0004085288893653082
5.4223018199999995 -0.0004045712640591225
5.432301819999999 -0.000403423979941337
5.442301819999999 -0.00040279971898289396
5.452301819999999 -0.00040167481404710764
5.462301819999999 -0.00040065084970978475
5.472301819999999 -0.0003974520170058716
5.482301819999999 -0.000393989037255665
5.492301819999999 -0.0003937674365570626
5.50230182 -0.0003928022316307138
5.512301819999999 -0.0003919856631559606
5.522301819999999 -0.0003904884059586102
5.532301819999999 -0.00039426443296028407
5.542301819999999 -0.0003986648544164716
5.552301819999999 -0.00040160589681910387
5.562301819999999 -0.00040388859895887884
5.572301819999999 -0.0004053374338206604
5.58230182 -0.0004064927292563662
5.592301819999999 -0.00040724678483052126
5.602301819999999 -0.00040767018622750326
5.612301819999999 -0.000407766470626518
5.622301819999999 -0.0004074944390433439
5.6323018199999995 -0.00040727611469241847
5.642301819999999 -0.00040555094080223594
5.652301819999999 -0.0004044787734141228
5.662301819999999 -0.00040487359823605524
5.6723018199999995 -0.0004051258834938332
5.682301819999999 -0.00040548109991097995
5.692301819999999 -0.000405703303500259
5.702301819999999 -0.00040593590600910586
5.712301819999999 -0.0004059369948469708
5.722301819999999 -0.0004061927837178246
5.732301819999999 -0.0004058644471121609
5.74230182 -0.0004059769059839478
5.75230182 -0.00040597941637195633
5.762301819999999 -0.0004061699166565109
5.772301819999999 -0.0004063003118985422
5.782301819999999 -0.00040664801918899806
5.792301819999999 -0.0004067978018189063
5.8023018199999985 -0.00040702739934612335
5.812301819999999 -0.0004075522365887553
5.822301819999999 -0.0004091275932737853
5.83230182 -0.0004105989631642839
5.842301819999999 -0.0004097161586566741
5.852301819999999 -0.00040826789536193946
5.862301819999999 -0.0004066008107065119
5.872301819999999 -0.00040483406246142803
5.882301819999999 -0.00040269006299275417
5.892301819999999 -0.00040108736828446364
5.902301819999999 -0.0003997894319343212
5.91230182 -0.0004006251683460813
5.9223018199999995 -0.00040069112720390453
5.932301819999999 -0.0004003841073164558
5.942301819999999 -0.0003998778265061782
5.952301819999999 -0.00039910576861697656
5.962301819999999 -0.0003985140424104342
5.972301819999999 -0.00039796429954954175
5.982301819999999 -0.0003974621170001003
5.99230182 -0.0003969835350437884
6.00230182 -0.00039639262382792505
6.012301819999999 -0.0003957148021660192
6.022301819999999 -0.00039496195074232313
6.032301819999999 -0.00039412696828756603
6.042301819999999 -0.0003932680831875699
6.0523018199999985 -0.0003922347057010137
6.062301819999999 -0.00039074902696438593
6.072301819999999 -0.00039014330781362146
6.08230182 -0.00038957356316118207
6.092301819999999 -0.0003889547161492049
6.102301819999999 -0.0003881915502822664
6.112301819999999 -0.00038718937677518204
6.122301819999999 -0.00038595843920496867
6.132301819999999 -0.0003853222956788644
6.142301819999999 -0.00038466413435431137
6.152301819999999 -0.0003839597132240834
6.16230182 -0.00038317656331107004
6.1723018199999995 -0.0003822971238722048
6.182301819999999 -0.0003814070599003298
6.192301819999999 -0.0003805371038984162
6.202301819999999 -0.0003796401466831823
6.212301819999999 -0.0003779086928304001
6.222301819999999 -0.0003764833552938141
6.232301819999999 -0.0003751566071468668
6.24230182 -0.0003738265961588692
6.25230182 -0.00037247370255174016
6.262301819999999 -0.0003709501087914621
6.272301819999999 -0.00036906104144012765
6.282301819999999 -0.0003671944772973477
6.292301819999999 -0.00036613909791292427
6.3023018199999985 -0.0003651608801739724
6.312301819999999 -0.00036429926631216373
6.322301819999999 -0.0003634702424478329
6.33230182 -0.0003626317768140469
6.342301819999999 -0.0003618016690534187
6.352301819999999 -0.00036101269674439955
6.362301819999999 -0.0003601881477028306
6.372301819999999 -0.00035942759712118014
6.382301819999999 -0.00035858469112772797
6.392301819999999 -0.0003577853086968667
6.402301819999999 -0.00035693901137578987
6.41230182 -0.0003560134855501976
6.4223018199999995 -0.0003551585004216863
6.432301819999999 -0.00035441619757659346
6.442301819999999 -0.00035374167616729823
6.452301819999999 -0.0003531401364086566
6.462301819999999 -0.0003526524658576821
6.472301819999999 -0.0003521689982943769
6.482301819999999 -0.00035172825191774436
6.49230182 -0.000351335694221454
6.50230182 -0.00035101596086439715
6.512301819999999 -0.0003507781555467795
6.522301819999999 -0.00035043019838080754
6.532301819999999 -0.000350129764894153
6.542301819999999 -0.0003498692288071532
6.5523018199999985 -0.00034956697908204
6.562301819999999 -0.0003481841307591542
6.572301819999999 -0.00034599222946438065
6.58230182 -0.00034093249419398506
6.592301819999999 -0.00034171306141407364
6.602301819999999 -0.0003475946659122819
6.612301819999999 -0.00035126339558036885
6.622301819999999 -0.000355053404013196
6.632301819999999 -0.0003597216036705087
6.642301819999999 -0.00036587856324059873
6.652301819999999 -0.00037429276356387394
6.66230182 -0.0003863082600507816
6.6723018199999995 -0.00040347206611413054
6.682301819999999 -0.00042817715449756987
6.692301819999999 -0.0004639130114885517
6.702301819999999 -0.0005156512512825374
6.712301819999999 -0.00058712990122358
6.722301819999999 -0.0006981114283580584
6.732301819999999 -0.0008599494365959761
6.74230182 -0.001094083698360734
6.75230182 -0.0014533219761325344
6.762301819999999 -0.0024904477087107557
6.772301819999999 -0.003143734000371016
6.782301819999999 -0.004033540805853335
6.792301819999999 -0.005239122751223271
6.802301819999999 -0.006778445507068714
6.812301819999999 -0.00859337859266102
6.822301819999999 -0.010761755346310877
6.83230182 -0.013118203820910642
6.842301819999999 -0.01549932980004315
6.852301819999999 -0.017730775891104784
6.862301819999999 -0.019687776390146027
6.872301819999999 -0.02130746788575494
6.882301819999999 -0.022583130031182477
6.892301819999999 -0.02354996838245085
6.902301819999999 -0.024253790615940934
6.91230182 -0.024754333560136843
6.9223018199999995 -0.025110998028697713
6.932301819999999 -0.025360822059044157
6.942301819999999 -0.025536970477443383
6.952301819999999 -0.025656762644416874
6.962301819999999 -0.025738346421464626
6.972301819999999 -0.02579188876609442
6.982301819999999 -0.025822974076791242
6.99230182 -0.025824452388600524
7.00230182 -0.02578020935939788
7.012301819999999 -0.025829768995454708
7.022301819999999 -0.025869160373845068
7.032301819999999 -0.025928181378344923
7.042301819999999 -0.026005806494970918
7.052301819999999 -0.026057940999485114
7.062301819999999 -0.02609606121531382
7.072301819999999 -0.02613215721320398
7.08230182 -0.026171589224630067
7.092301819999999 -0.02620786384465618
7.102301819999999 -0.026245991377829098
7.112301819999999 -0.026280611142783218
7.122301819999999 -0.026315905403919527
7.132301819999999 -0.026343534588839715
7.142301819999999 -0.02637753492993898
7.152301819999999 -0.026409507921106697
7.16230182 -0.026434360791842797
7.1723018199999995 -0.0264568459773121
7.182301819999999 -0.026480894080191348
7.192301819999999 -0.0265030157406563
7.202301819999999 -0.026522948774049235
7.212301819999999 -0.026537973422391455
7.222301819999999 -0.02655425157334986
7.232301819999999 -0.02656901298883985
7.24230182 -0.026585745359573348
7.25230182 -0.026622069446003337
7.262301819999999 -0.026636506674378977
7.272301819999999 -0.0266506897505939
7.282301819999999 -0.026648065531032956
7.292301819999999 -0.026623351245149533
7.302301819999999 -0.026593243472617878
7.312301819999999 -0.026553207175356978
7.322301819999999 -0.02650087484654099
7.33230182 -0.026447370666532726
7.342301819999999 -0.026384568604896307
7.352301819999999 -0.026303214894139972
7.362301819999999 -0.026217351942701816
7.372301819999999 -0.026102742533563476
7.382301819999999 -0.02594888443826171
7.392301819999999 -0.02564607429109938
7.402301819999999 -0.02562501007498413
7.41230182 -0.02561556665302678
7.4223018199999995 -0.025601367054647647
7.432301819999999 -0.025575329263805877
7.442301819999999 -0.025556186816827198
7.452301819999999 -0.025522978861147756
7.462301819999999 -0.02550136205899093
7.472301819999999 -0.025476262299290002
7.482301819999999 -0.025435963410329755
7.49230182 -0.02540502160291544
7.50230182 -0.025377228828524282
7.512301819999999 -0.025346477475080818
7.522301819999999 -0.025312232207463446
7.532301819999999 -0.0252761228043167
7.542301819999999 -0.025248237386913463
7.552301819999999 -0.025205929373766464
7.562301819999999 -0.025159949235986395
7.572301819999999 -0.025114609853009527
7.58230182 -0.025119477012399926
7.592301819999999 -0.02509585262915112
7.602301819999999 -0.025042601674821276
7.612301819999999 -0.024996145487411733
7.622301819999999 -0.024932047717031898
7.632301819999999 -0.024861287099606215
7.642301819999999 -0.024771302291260736
7.652301819999999 -0.024621990474680663
7.66230182 -0.0245693554426304
7.6723018199999995 -0.024528681633752457
7.682301819999999 -0.024481114542089153
7.692301819999999 -0.024429533461305327
7.702301819999999 -0.024382395565874973
7.712301819999999 -0.02431700141668553
7.722301819999999 -0.024255076495509172
7.732301819999999 -0.02418206773150048
7.742301819999999 -0.024105485896907555
7.75230182 -0.02400379168156053
7.762301819999999 -0.023875382774850778
7.772301819999999 -0.023684697753284762
7.782301819999999 -0.023441549767035892
7.79230182 -0.02345310186179626
7.802301819999999 -0.0234753447544053
7.812301819999999 -0.02353762526341923
7.822301819999999 -0.02353148987779795
7.832301819999999 -0.02348023477964647
7.842301819999999 -0.02357088155417122
7.852301819999999 -0.023564496789316162
7.862301819999999 -0.023585251559121143
7.872301819999999 -0.02360151903542865
7.8823018199999995 -0.023605691834220947
7.892301819999999 -0.023561050486890264
7.902301819999999 -0.02352057067800032
7.912301819999999 -0.023479006627726458
7.9223018199999995 -0.023530656620925593
7.932301819999999 -0.023894645565571925
7.942301819999999 -0.024052703815952745
7.952301819999999 -0.024174441921606244
7.9623018199999995 -0.02427014265200724
7.972301819999999 -0.0243642136019767
7.982301819999999 -0.02444103955457219
7.992301819999999 -0.024508026501083486
8.00230182 -0.024572534414977903
8.01230182 -0.02463840368219658
8.02230182 -0.02470400853430124
8.032301819999999 -0.02477324975811184
8.042301819999999 -0.024879805903059837
8.05230182 -0.02501663122971135
8.062301819999998 -0.02511204056901327
8.07230182 -0.025190729911567882
8.08230182 -0.025252347861831368
8.09230182 -0.025302380948052473
8.10230182 -0.02534055859285554
8.112301819999999 -0.025373956614949077
8.122301819999999 -0.02539169165625014
8.132301819999999 -0.02540555984134793
8.14230182 -0.025408009652804847
8.152301819999998 -0.025400946085283083
8.16230182 -0.02539031462022548
8.17230182 -0.025365070601746836
8.18230182 -0.02535405271762704
8.192301819999999 -0.02531814571476372
8.202301819999999 -0.025302334549474205
8.21230182 -0.02526126111173446
8.222301819999998 -0.02519379341299509
8.23230182 -0.025156843005411687
8.242301819999998 -0.025079640532065902
8.25230182 -0.026150558548484443
8.26230182 -0.026083647031152058
8.27230182 -0.02607422004549526
8.282301819999999 -0.026061015232267004
8.292301819999999 -0.025946105578048138
8.30230182 -0.025876935049004283
8.312301819999998 -0.025820907737245727
8.32230182 -0.025770367507120275
8.33230182 -0.025717215746409314
8.34230182 -0.025662683689842983
8.35230182 -0.02560588862564205
8.362301819999999 -0.025550229994725834
8.372301819999999 -0.025493542025340325
8.382301819999999 -0.02544221587929295
8.39230182 -0.025391491047505335
8.402301819999998 -0.025339683403496873
8.41230182 -0.025279528438814744
8.42230182 -0.025218665649460698
8.43230182 -0.025156809463338693
8.442301819999999 -0.025090000757307995
8.452301819999999 -0.02501981996854519
8.46230182 -0.024945397363505213
8.472301819999998 -0.024864359238148028
8.48230182 -0.02476569736127897
8.492301819999998 -0.024661841133158367
8.50230182 -0.02452621006703741
8.51230182 -0.02435437311936671
8.52230182 -0.024028518139560667
8.532301819999999 -0.02392514286012192
8.542301819999999 -0.0238692283213003
8.55230182 -0.023770790352173856
8.562301819999998 -0.023682914653964056
8.57230182 -0.023404415882979004
8.58230182 -0.023109525128537332
8.59230182 -0.02311109918377442
8.60230182 -0.0230610318370751
8.612301819999999 -0.023054504572283946
8.622301819999999 -0.023055145326238487
8.632301819999999 -0.02341023524022619
8.64230182 -0.02381460162428694
8.652301819999998 -0.024087370996771593
8.66230182 -0.02430134584885562
8.67230182 -0.02444323615171595
8.68230182 -0.024562960567661895
8.692301819999999 -0.024651892754664485
8.702301819999999 -0.024719009253166592
8.71230182 -0.02476910631533856
8.722301819999998 -0.02483454992954259
8.73230182 -0.02489991274938164
8.742301819999998 -0.02492610648394849
8.75230182 -0.02496241702589732
8.76230182 -0.025001624885905443
8.77230182 -0.025019142190104676
8.782301819999999 -0.025045994699528232
8.792301819999999 -0.02507206746465919
8.80230182 -0.02508965974628065
8.812301819999998 -0.0250966692340242
8.82230182 -0.02512954435936393
8.83230182 -0.025132467213060804
8.84230182 -0.02514990484022392
8.85230182 -0.025149993828063107
8.862301819999999 -0.0251552329776223
8.872301819999999 -0.025156567174115116
8.882301819999999 -0.025170982304452503
8.89230182 -0.025167066128129696
8.902301819999998 -0.025158876151442827
8.91230182 -0.025143805343588618
8.92230182 -0.025223785384465507
8.93230182 -0.025290829480936847
8.942301819999999 -0.025254341931857507
8.952301819999999 -0.02513802387307271
8.96230182 -0.024988097352235842
8.972301819999998 -0.024836023432413992
8.98230182 -0.024660617586878392
8.992301819999998 -0.024575635489623944
9.00230182 -0.024527230035912985
9.01230182 -0.024643788596357838
9.02230182 -0.024692295649561224
9.032301819999999 -0.024709009162904222
9.042301819999999 -0.02471510510729926
9.05230182 -0.024712077572532104
9.062301819999998 -0.02470296743290792
9.07230182 -0.024691775179301077
9.08230182 -0.024677794851282953
9.09230182 -0.024663622357274942
9.10230182 -0.02464165145118702
9.112301819999999 -0.024615608399446307
9.122301819999999 -0.024585429148772923
9.132301819999999 -0.02455270771275693
9.14230182 -0.024517527843107154
9.152301819999998 -0.02447210284423811
9.16230182 -0.024396528478426403
9.17230182 -0.024389267504717614
9.18230182 -0.024383998153050188
9.192301819999999 -0.02437591001169942
9.202301819999999 -0.02435959876452395
9.21230182 -0.02433497265324351
9.222301819999998 -0.024305406001755826
9.23230182 -0.024268810548590133
9.242301819999998 -0.024232781543037547
9.25230182 -0.0241915014743014
9.26230182 -0.024146504840377253
9.27230182 -0.024107364182542192
9.282301819999999 -0.02405868315170942
9.292301819999999 -0.02400721192993484
9.30230182 -0.023951149959934203
9.312301819999998 -0.02389300062604647
9.32230182 -0.02383299956278214
9.33230182 -0.02376673170241738
9.34230182 -0.0236951715390892
9.35230182 -0.023617681499640716
9.362301819999999 -0.023523003555539435
9.372301819999999 -0.023393260446430128
9.382301819999999 -0.023271687286941106
9.39230182 -0.023234858838992876
9.402301819999998 -0.023195100754675516
9.41230182 -0.023160324049059818
9.42230182 -0.023128117742384446
9.43230182 -0.02309577483509539
9.442301819999999 -0.023062886771499674
9.452301819999999 -0.023030096525596393
9.46230182 -0.022996166587051243
9.472301819999998 -0.022968705293042325
9.48230182 -0.022934858701198928
9.492301819999998 -0.022906935707783665
9.50230182 -0.02288067136567238
9.51230182 -0.022849479031172383
9.52230182 -0.02281632359172567
9.532301819999999 -0.02278643759222205
9.542301819999999 -0.022757220612797807
9.55230182 -0.02272912044775625
9.562301819999998 -0.022703197086037085
9.57230182 -0.02267212118728518
9.58230182 -0.022640955548527773
9.59230182 -0.022609661750807978
9.60230182 -0.02258101299015162
9.612301819999999 -0.0225584720814729
9.622301819999999 -0.022529095983847565
9.632301819999999 -0.02250320907399775
9.64230182 -0.022467480736425086
9.652301819999998 -0.022421735668476536
9.66230182 -0.022264552127246366
9.67230182 -0.022018292629870893
9.68230182 -0.021486676350434875
9.692301819999999 -0.021479238069119257
9.702301819999999 -0.021914738829836133
9.71230182 -0.02208987717130103
9.722301819999998 -0.02219701397003799
9.73230182 -0.02227387879514694
9.742301819999998 -0.02232618548096163
9.75230182 -0.02235414750435418
9.76230182 -0.02234170583884949
9.77230182 -0.022273871244394675
9.782301819999999 -0.022127669742933256
9.792301819999999 -0.02186928372424318
9.80230182 -0.0214345367111076
9.812301819999998 -0.02046900476862118
9.82230182 -0.019583337763777485
9.83230182 -0.01830084551061329
9.84230182 -0.01641341990947326
9.85230182 -0.015130817024104952
9.862301819999999 -0.046871629893077214
9.87230182 -0.0404579361216046
9.882301819999999 -0.031166844691343707
9.89230182 -0.019902499497658797
9.902301819999998 -0.004818635955516532
9.91230182 0.018158975327208445
9.92230182 0.03998537311354233
9.93230182 0.06257197250958581
9.942301819999999 0.08434658884225181
9.952301819999999 0.10440913172534386
9.96230182 0.12159641635529853
9.972301819999998 0.13532285488038293
9.98230182 0.14587384236086565
9.992301819999998 0.15363269780306751
10.00230182 0.15900226401961431
10.01230182 0.1624102869417016
10.02230182 0.16473637132069519
10.032301819999999 0.16627087873503757
10.042301819999999 0.1670223468099358
10.05230182 0.16748449289792747
10.062301819999998 0.16763352717690644
10.07230182 0.16753905835883526
10.08230182 0.16716857089556694
10.09230182 0.16691486040262565
10.10230182 0.16657132584569287
10.112301819999999 0.1661188553084277
10.12230182 0.16581836371424938
10.132301819999999 0.1654996682160089
10.14230182 0.16512013013504803
10.152301819999998 0.16467849561059006
10.16230182 0.1643821199629811
10.17230182 0.16416607552347487
10.18230182 0.16395985095087898
10.192301819999999 0.16365490643343109
10.202301819999999 0.16333373165834697
10.21230182 0.16309701984201244
10.222301819999998 0.16295087734561547
10.23230182 0.16306511021216974
10.242301819999998 0.16269516278021795
10.25230182 0.1626003912172046
10.26230182 0.16255200441249018
10.27230182 0.16250576395306418
10.282301819999999 0.16237815807655182
10.292301819999999 0.16222824325808113
10.30230182 0.1622737656970038
10.312301819999998 0.1623588178716629
10.32230182 0.16251187314493268
10.33230182 0.16261896263389816
10.34230182 0.1626252898811019
10.35230182 0.16273892863028988
10.362301819999999 0.16297385765799646
10.37230182 0.16313700295757588
10.382301819999999 0.16332622411867845
10.39230182 0.16354264309216615
10.402301819999998 0.16380937410169513
10.41230182 0.16412400827442986
10.42230182 0.16443974414157286
10.43230182 0.16488409895825146
10.442301819999999 0.16539427057508774
10.452301819999999 0.16579954380715656
10.46230182 0.16592017514064816
10.472301819999998 0.1664718675880136
10.48230182 0.16711896976122995
10.492301819999998 0.16788856809474625
10.50230182 0.16848079589759263
10.51230182 0.16882322613949713
10.52230182 0.169531964173499
10.532301819999999 0.1704034165902491
10.542301819999999 0.17123225512710874
10.55230182 0.17192323399347884
10.562301819999998 0.17268041321503344
10.57230182 0.17374926311366465
10.58230182 0.174721409696677
10.59230182 0.17561385736259003
10.60230182 0.17647649704205473
10.612301819999999 0.17772328167483056
10.62230182 0.179130210109224
10.632301819999999 0.18033183706992115
10.64230182 0.18140434424337468
10.652301819999998 0.18292915029551274
10.66230182 0.18457142689704203
10.67230182 0.18616490613803005
10.68230182 0.18770586040909146
10.692301819999999 0.18938208929659442
10.702301819999999 0.1914625070848355
10.71230182 0.19328870012031543
10.722301819999998 0.19559007240408025
10.73230182 0.1975193754226716
10.742301819999998 0.1997108308563072
10.75230182 0.2022538600511631
10.76230182 0.20568941309210467
10.77230182 0.20844858576778946
10.782301819999999 0.21150459960046106
10.792301819999999 0.21509212750452097
10.80230182 0.2185016628484469
10.812301819999998 0.2227868421503192
10.82230182 0.22725513224744415
10.83230182 0.23256798162302975
10.84230182 0.23815567101501478
10.85230182 0.24573882412868264
10.862301819999999 0.2548265752663313
10.87230182 0.2685472440128004
10.882301819999999 0.2851377480438941
10.89230182 0.2862325992143053
10.902301819999998 0.28693680538602406
10.91230182 0.28760633554649834
10.92230182 0.28813200309375553
10.93230182 0.28883388929541315
10.942301819999999 0.2892210029820896
10.952301819999999 0.2894717276266422
10.96230182 0.2895898905663724
10.972301819999998 0.289044197182866
10.98230182 0.2870423872234104
10.992301819999998 0.28844621321958214
11.00230182 0.28986869635281975
11.01230182 0.2912552076527948
11.02230182 0.28658502348616693
11.032301819999999 0.2621317987479413
11.042301819999999 0.2492376121976426
11.05230182 0.23920798878619037
11.062301819999998 0.23078656271181333
11.07230182 0.22259492162862052
11.08230182 0.21510949216478337
11.09230182 0.20785448684116614
11.10230182 0.20052482780147857
11.112301819999999 0.1933570587775125
11.12230182 0.18612737273855648
11.132301819999999 0.1789849052787695
11.14230182 0.17177634131875172
11.152301819999998 0.16481067167231084
11.16230182 0.15831307126942387
11.17230182 0.15231291787758988
11.18230182 0.14679355509142195
11.192301819999999 0.14209137933429936
11.202301819999999 0.13767329395639186
11.21230182 0.13374041869306083
11.222301819999998 0.1306240652113011
11.23230182 0.12749265948148925
11.242301819999998 0.12487425974933677
11.25230182 0.1226092944491183
11.26230182 0.1202356238028281
11.27230182 0.11873967264342156
11.282301819999999 0.11644635643372717
11.292301819999999 0.11556732006314938
11.30230182 0.1132154857423322
11.312301819999998 0.1121227532681997
11.32230182 0.11243607640958216
11.33230182 0.11006121498282961
11.34230182 0.10772589621519231
11.35230182 0.027673832597298737
11.362301819999999 0.031407983542911966
11.37230182 0.031376317488807745
11.382301819999999 0.0313398675290268
11.39230182 0.03130933755327806
11.402301819999998 0.031279862785470784
11.41230182 0.031250031324457986
11.42230182 0.03122817224458934
11.43230182 0.03124130385393031
11.442301819999999 0.0312506341775217
11.452301819999999 0.03125160922798302
11.46230182 0.031228128845836315
11.472301819999998 0.031183558561666238
11.48230182 0.031093070368517908
11.492301819999998 0.031040224479542848
11.50230182 0.030999480792901435
11.51230182 0.030965825541570385
11.52230182 0.03095901517503321
11.532301819999999 0.030977573344984067
11.542301819999999 0.030991641531333696
11.55230182 0.031003064225302242
11.562301819999998 0.031016959454492555
11.57230182 0.03102276981433909
11.58230182 0.031018163416940036
11.59230182 0.030987020319483336
11.60230182 0.030873178972662087
11.612301819999999 0.03081518542173297
11.62230182 0.03080848506535317
11.632301819999999 0.03082333710045132
11.64230182 0.030838152701318743
11.652301819999998 0.030850120815101804
11.66230182 0.03086055590362299
11.67230182 0.030871864369286062
11.68230182 0.030879355096322333
11.692301819999999 0.030875871623834355
11.702301819999999 0.030861732955349108
11.71230182 0.03082005723884714
11.722301819999998 0.03071873508304039
11.73230182 0.03071427465273869
11.742301819999998 0.03071913461575573
11.75230182 0.030726272875699064
11.762301819999998 0.030735557767474025
11.77230182 0.03074574541605337
11.78230182 0.030751642152244477
11.792301819999999 0.03075850668516948
11.80230182 0.030758549232688313
11.812301819999998 0.030753744661291195
11.82230182 0.030713542247261423
11.832301819999998 0.030690463238141313
11.84230182 0.030689136727123294
11.852301820000001 0.03069580029843377
11.862301819999999 0.030707054883616646
11.87230182 0.03072114138599631
11.882301819999999 0.03073620334985487
11.89230182 0.030749838268872093
11.902301819999998 0.030761580247114787
11.91230182 0.03076794892681013
11.922301819999998 0.030772072019395497
11.93230182 0.030758218177490703
11.94230182 0.03076483765816808
11.952301819999999 0.030781259589939814
11.96230182 0.030803114182782955
11.972301819999998 0.030827748321899953
11.98230182 0.030853507360725434
11.992301819999998 0.030879408274180325
12.00230182 0.030916959287789324
12.012301819999998 0.03097889281137454
12.02230182 0.031045273714410748
12.03230182 0.03111601847852114
12.042301819999999 0.031092716760123235
12.05230182 0.031094610485741213
12.062301819999998 0.031107803867965612
12.07230182 0.031114875861642854
12.082301819999998 0.031114382177771512
12.09230182 0.031109152516242473
12.102301820000001 0.031116694558676657
12.112301819999999 0.031123683749592953
12.12230182 0.0311271375711467
12.132301819999999 0.031125870552812854
12.14230182 0.03111567854307296
12.152301819999998 0.031090930003010008
12.16230182 0.031085633332786255
12.172301819999998 0.03108464724674789
12.18230182 0.031088956783820464
12.19230182 0.031093794529475582
12.202301819999999 0.03109849692638515
12.21230182 0.03110239374661641
12.222301819999998 0.03110298975208571
12.23230182 0.031100289614088304
12.242301819999998 0.03109875279086275
12.25230182 0.031093132588925577
12.262301819999998 0.03107730812040055
12.27230182 0.031072882577502643
12.28230182 0.031072211705609035
12.292301819999999 0.031074620019071315
12.30230182 0.03107655473319523
12.312301819999998 0.031078154513285217
12.32230182 0.031077649940497314
12.332301819999998 0.03107901633614222
12.34230182 0.03108015070250514
12.352301820000001 0.031080749851955487
12.362301819999999 0.031077491736530006
12.37230182 0.031063548857937377
12.382301819999999 0.031056262665630274
12.39230182 0.031054017277739977
12.402301819999998 0.03105444138374973
12.41230182 0.031055822736347605
12.422301819999998 0.03105619657182049
12.43230182 0.031056875082023382
12.44230182 0.031058934463085826
12.452301819999999 0.03106140376946271
12.46230182 0.031062089805987327
12.472301819999998 0.03106132567182397
12.48230182 0.031055524644871
12.492301819999998 0.031042478074845597
12.50230182 0.031037199724426087
12.512301819999998 0.031034105045638374
12.52230182 0.031033909898462574
12.53230182 0.031033981793916074
12.542301819999999 0.031034117488273755
12.55230182 0.031035371781540855
12.562301819999998 0.03103721070761193
12.57230182 0.03103853117793472
12.582301819999998 0.03103538521656688
12.59230182 0.031034885016416776
12.602301820000001 0.031023453248537006
12.612301819999999 0.031011987955502588
12.62230182 0.031011340758970947
12.632301819999999 0.031017458009649983
12.64230182 0.031020649670285127
12.652301819999998 0.031023410516799653
12.66230182 0.03102717114789455
12.672301819999998 0.03103080555567215
12.68230182 0.031034232901494204
12.69230182 0.031036893324271567
12.702301819999999 0.031037933176522793
12.71230182 0.031036153139883154
12.722301819999998 0.031027687552250747
12.73230182 0.031015495091984657
12.742301819999998 0.031011482270314212
12.75230182 0.031010077819361395
12.762301819999998 0.031010390172079
12.77230182 0.03101300282742377
12.78230182 0.031019847843761147
12.792301819999999 0.031021161458734056
12.80230182 0.031017030350640136
12.812301819999998 0.031014628757595995
12.82230182 0.03101118932877917
12.832301819999998 0.031004630598683233
12.84230182 0.030990970955189184
12.852301820000001 0.030963878705631546
12.862301819999999 0.03094391967898986
12.87230182 0.030921488577623453
12.882301819999999 0.030892325742130675
12.89230182 0.030852666094494746
12.902301819999998 0.030797561853627486
12.91230182 0.03072183471088043
12.922301819999998 0.03060448058311084
12.93230182 0.030432643953401808
12.94230182 0.030182771075015394
12.952301819999999 0.02979834510246538
12.96230182 0.0286945285982723
12.972301819999998 0.027971553802323648
12.98230182 0.026996706134733796
12.992301819999998 0.025685617533700054
13.00230182 0.024011619870875484
13.012301819999998 0.022031976522724206
13.02230182 0.019663148809045513
13.03230182 0.01708019635542861
13.042301819999999 0.014459243475694427
13.05230182 0.011993724841276554
13.062301819999998 0.009824455188147785
13.07230182 0.008024780827705988
13.082301819999998 0.006605314664431213
13.09230182 0.005528441168642037
13.102301820000001 0.0047310523045259265
13.112301819999999 0.004150232105719387
13.12230182 0.0037399848996902433
13.132301819999999 0.0034522337141831404
13.14230182 0.0032479140853448937
13.152301819999998 0.0031063547683474785
13.16230182 0.0030064670235949954
13.172301819999998 0.002934824295957723
13.18230182 0.002880702947617286
13.19230182 0.0028437038669541473
13.202301819999999 0.0028155157943256233
13.21230182 0.0027925940797394124
13.222301819999998 0.0027770800213222356
13.23230182 0.002763865778433375
13.242301819999998 0.0027517633711107783
13.25230182 0.0027398183774236394
13.262301819999998 0.0027309149800273866
13.27230182 0.002724688721073802
13.28230182 0.002719527580634174
13.292301819999999 0.0027130576856147334
13.30230182 0.0027066618763748225
13.312301819999998 0.002701968722591965
13.32230182 0.002698994785537287
13.332301819999998 0.002700562102185609
13.34230182 0.0026938883917670383
13.352301820000001 0.0026919521820986786
13.362301819999999 0.0026904804674846776
13.37230182 0.002689008412780304
13.382301819999999 0.002686086337824789
13.39230182 0.0026827167813402984
13.402301819999998 0.0026826482865963076
13.41230182 0.002683083274418061
13.422301819999998 0.002684596911476274
13.43230182 0.002685733422952356
13.44230182 0.002685314386509528
13.452301819999999 0.0026868298713416242
13.46230182 0.002690440357176843
13.472301819999998 0.0026929199505584546
13.48230182 0.002695780712053042
13.492301819999998 0.002698913558123245
13.50230182 0.002702895852701442
13.512301819999998 0.002707673288561691
13.52230182 0.002712344109587986
13.53230182 0.0027192268418266318
13.542301819999999 0.0027272849956511314
13.55230182 0.0027335501553292425
13.562301819999998 0.00273494433543745
13.57230182 0.0027436185146354195
13.582301819999998 0.0027536134941142064
13.59230182 0.0027659288685722948
13.602301820000001 0.002775587199575272
13.612301819999999 0.0027810650243124354
13.62230182 0.002792551126636069
13.632301819999999 0.0028067478519152238
13.64230182 0.0028201865915740343
13.652301819999998 0.002831465645518862
13.66230182 0.0028438029867960185
13.672301819999998 0.0028615643840840007
13.68230182 0.0028777160988131736
13.69230182 0.0028925109151003896
13.702301819999999 0.0029067772642955227
13.71230182 0.00292767659026811
13.722301819999998 0.002951134687650312
13.73230182 0.0029712860500515225
13.742301819999998 0.0029889990769744984
13.75230182 0.003014306546729477
13.762301819999998 0.0030417810744753355
13.77230182 0.0030684789603458735
13.78230182 0.0030944427517894967
13.792301819999999 0.0031226585623748623
13.80230182 0.0031579577899450953
13.812301819999998 0.0031889111269526376
13.82230182 0.0032282133888087675
13.832301819999998 0.003261256462682435
13.84230182 0.0032988071636618575
13.852301820000001 0.003342550877677538
13.862301819999999 0.0034017734131543834
13.87230182 0.003449593229593639
13.882301819999999 0.003502522722766102
13.89230182 0.003564557643846049
13.902301819999998 0.003623809833874481
13.91230182 0.003698059874547055
13.922301819999998 0.0037754745973663626
13.93230182 0.0038685771134121857
13.94230182 0.003967010672813533
13.952301819999999 0.0041010538449497294
13.96230182 0.004261916559494509
13.972301819999998 0.004506932662013219
13.98230182 0.004805084118780198
13.992301819999998 0.0048292277577058
14.00230182 0.004848332928386036
14.012301819999998 0.004876183187738654
14.02230182 0.0048912065482353325
14.03230182 0.004899907444137551
14.042301819999999 0.00490779461880439
14.05230182 0.004904498234721477
14.062301819999998 0.004907621365832611
14.07230182 0.00489509094854367
14.082301819999998 0.004852195756407129
14.09230182 0.004872103285805415
14.102301820000001 0.004893636574884707
14.112301819999999 0.004914899094032863
14.12230182 0.00482866762680976
14.132301819999999 0.004391574521465977
14.14230182 0.004160111265428242
14.152301819999998 0.003982678644552128
14.16230182 0.00383448026887242
14.172301819999998 0.0036905251894206203
14.18230182 0.0035589191818649205
14.19230182 0.0034310901634876842
14.202301819999999 0.003301677274017424
14.21230182 0.003176532243439272
14.222301819999998 0.0030509227960693916
14.23230182 0.002927689367533139
14.242301819999998 0.002803949454944052
14.25230182 0.0026848083417326685
14.262301819999998 0.0025739029428240444
14.27230182 0.0024717942236428753
14.28230182 0.0023777798362141535
14.292301819999999 0.002297843319866215
14.30230182 0.002222881654720357
14.312301819999998 0.0021563837294456155
14.32230182 0.0021034810088828913
14.332301819999998 0.002050282570772032
14.34230182 0.002005536914704953
14.352301820000001 0.001966540024286472
14.362301819999999 0.0019257128429378805
14.37230182 0.0018993040520332188
14.382301819999999 0.0018602920796101563
14.39230182 0.0018445481613884398
14.402301819999998 0.0018048992634018067
14.41230182 0.0017857986952935561
14.422301819999998 0.001789662453708219
14.43230182 0.0017497574365574699
14.44230182 0.001710529102628686
14.452301819999999 0.000433215708761377
14.46230182 0.0004914749959646114
14.472301819999998 0.0004904347916911485
14.48230182 0.0004893527419758776
14.492301819999998 0.0004883619866693208
14.50230182 0.0004874195850840422
14.512301819999998 0.00048649591243393
14.52230182 0.0004857218821680426
14.53230182 0.00048548251015181806
14.542301819999999 0.00048516403623871
14.55230182 0.0004847091412124529
14.562301819999998 0.00048384270402144
14.57230182 0.00048262129696461444
14.582301819999998 0.00048073925594925777
14.59230182 0.0004794955650595149
14.602301820000001 0.000478438050953339
14.612301819999999 0.00047740333435539374
14.62230182 0.00047680082975149434
14.632301819999999 0.0004765703584701148
14.64230182 0.0004762983040925135
14.652301819999998 0.0004759720576547774
14.66230182 0.00047565463218360787
14.672301819999998 0.00047520441922464324
14.68230182 0.00047452445032137094
14.69230182 0.0004734811785253927
14.702301819999999 0.00047121427905072905
14.71230182 0.00046981732237120057
14.722301819999998 0.0004692006863240016
14.73230182 0.00046895637576070584
14.742301819999998 0.00046871280423147507
14.75230182 0.00046843551189744306
14.762301819999998 0.0004681576730193004
14.77230182 0.0004678257152471043
14.78230182 0.0004673718034193685
14.792301819999999 0.00046673829994646124
14.80230182 0.0004659471947805683
14.812301819999998 0.0004647803230945254
14.82230182 0.0004627142903995526
14.832301819999998 0.00046215078522162664
14.84230182 0.00046173919094908214
14.852301820000001 0.0004613701396532704
14.862301819999999 0.00046102715094853734
14.87230182 0.00046068976368153356
14.882301819999999 0.0004603088443240344
14.89230182 0.0004599007189971229
14.902301819999998 0.0004593893998080913
14.91230182 0.00045876888594820566
14.922301819999998 0.0004575762135914293
14.93230182 0.00045667195495333155
14.94230182 0.00045617244530030837
14.952301819999999 0.00045576070746779175
14.96230182 0.00045538363567114524
14.972301819999998 0.0004550457269262878
14.98230182 0.0004547227295887873
14.992301819999998 0.00045438986833171553
15.00230182 0.0004540299732437742
15.012301819999998 0.0004535753555060778
15.02230182 0.0004530920521884323
15.03230182 0.00045233498676389416
15.042301819999999 0.00045186684429353915
15.05230182 0.0004514987122281156
15.062301819999998 0.0004511978737764889
15.07230182 0.00045097304629257244
15.082301819999998 0.00045079754957831034
15.09230182 0.0004506524356633356
15.102301820000001 0.0004506789249931611
15.112301819999999 0.00045109625150998635
15.12230182 0.00045156125599201633
15.132301819999999 0.0004520502422808844
15.14230182 0.00045111734209035134
15.152301819999998 0.0004505405080760639
15.16230182 0.0004501285116118
15.172301819999998 0.0004496276926464642
15.18230182 0.00044897756830022386
15.19230182 0.00044825260974668565
15.202301819999999 0.0004477463008522013
15.21230182 0.0004472610471737305
15.222301819999998 0.00044671774201301767
15.23230182 0.000446135039967895
15.242301819999998 0.00044542928306593984
15.25230182 0.0004445174671514476
15.262301819999998 0.0004438950793712912
15.27230182 0.00044333769386784965
15.28230182 0.0004428527851671938
15.292301819999999 0.0004424066721076312
15.30230182 0.00044189490521755935
15.312301819999998 0.00044132747599496684
15.32230182 0.00044069045879799144
15.332301819999998 0.00044000777378266274
15.34230182 0.0004393682591936843
15.352301820000001 0.0004386552863613799
15.362301819999999 0.0004378298803674153
15.37230182 0.00043718563096614737
15.382301819999999 0.00043660491343802275
15.39230182 0.0004360729490485502
15.402301819999998 0.00043554471841780013
15.41230182 0.0004350122871671707
15.422301819999998 0.0004344434838099225
15.43230182 0.00043390314624667923
15.44230182 0.00043332877885410054
15.452301819999999 0.0004327455264116821
15.46230182 0.0004321006370342864
15.472301819999998 0.00043137728538513164
15.48230182 0.00043071866745270716
15.492301819999998 0.0004300747378991535
15.50230182 0.00042945011864551675
15.512301819999998 0.00042885501564901085
15.52230182 0.0004283127955764475
15.53230182 0.0004277817237849329
15.542301819999999 0.00042725212893917697
15.55230182 0.0004267229954096202
15.562301819999998 0.0004261842054450609
15.57230182 0.0004256242520594486
15.582301819999998 0.0004249967373319576
15.59230182 0.00042427033540775455
15.602301820000001 0.00042364405800349213
15.612301819999999 0.0004230655695030438
15.62230182 0.0004225276281422348
15.632301819999999 0.00042198236889149716
15.64230182 0.0004214535825513022
15.652301819999998 0.0004209691186293956
15.66230182 0.0004204969932915997
15.672301819999998 0.0004200038334187424
15.68230182 0.0004194760109298048
15.69230182 0.0004190094276984164
15.702301819999999 0.00041841365182793724
15.71230182 0.0004177531451813838
15.722301819999998 0.00041720294072603514
15.73230182 0.0004168094476175244
15.742301819999998 0.0004163831710323808
15.75230182 0.0004159362932652751
15.762301820000001 0.0004155639210489022
15.77230182 0.00041516842079449034
15.78230182 0.0004147329639387197
15.792301819999999 0.00041433139520909233
15.80230182 0.0004140034894378946
15.812301819999998 0.0004136687376811432
15.82230182 0.0004132723342393405
15.832301819999998 0.0004128814346435676
15.84230182 0.0004126098195742328
15.852301820000001 0.00041230374538368916
15.862301819999999 0.00041198785156742275
15.87230182 0.00041169784029241083
15.882301819999999 0.00041145363065801755
15.89230182 0.0004112038092323701
15.902301819999998 0.0004109656294368194
15.91230182 0.0004107775162415648
15.922301819999998 0.0004106673048975993
15.93230182 0.0004105865516281453
15.94230182 0.0004104908819791886
15.952301819999999 0.00041032262158011455
15.96230182 0.00041035121188184745
15.972301819999998 0.0004104635859651587
15.98230182 0.00041051838408051513
15.992301819999998 0.0004104200373603649
16.00230182 0.0004101862290796502
16.01230182 0.00040972251638577453
16.02230182 0.0004087290207517821
16.03230182 0.00040728212650360297
16.04230182 0.00040478349948931095
16.05230182 0.0004270360854855882
16.06230182 0.0010716071806450723
16.07230182 0.0010421376069159295
16.082301819999998 0.0009931528914048113
16.09230182 0.0009482205821376084
16.10230182 0.0008780224389352494
16.11230182 0.0007108684476750559
16.12230182 0.0005989181595292126
16.13230182 0.0004937993058499702
